84 42 53 82 22 5 36 14 1 22 
43 25 43 43 67 70 20 53 11 36 
30 96 46 11 61 81 0 54 38 111 
75 15 61 43 73 105 30 40 26 61 
22 36 14 84 62 108 0 1 26 109 
8 62 54 14 22 83 84 36 42 0 
19 40 -1 78 0 41 65 16 95 9 
2 87 44 78 19 85 3 54 0 58 
36 23 22 42 14 84 1 0 47 104 
78 41 95 7 88 0 87 44 16 85 
23 42 84 22 14 47 36 0 1 51 
102 96 41 38 17 67 0 105 25 43 
9 16 94 41 95 52 0 19 19 60 
38 106 33 17 110 39 86 0 43 105 
53 29 11 82 69 32 83 28 38 42 
41 88 52 22 33 25 106 96 17 31 
95 87 7 9 85 44 0 41 94 86 
36 106 53 49 103 42 0 1 33 100 
71 36 53 84 5 82 42 10 1 0 
16 52 1 9 -1 78 92 0 12 88 
30 2 14 105 11 11 88 42 0 36 
32 48 63 17 76 106 0 103 11 67 
71 17 53 14 63 38 42 23 0 36 
93 84 84 30 108 63 0 56 100 61 
63 21 93 29 64 33 106 105 32 70 
17 86 63 106 0 58 33 38 70 100 
22 53 82 0 22 14 18 0 108 36 
56 72 56 72 102 11 75 0 6 15 
83 108 60 109 51 47 97 0 62 35 
61 93 63 17 67 32 0 11 1 25 
78 80 14 46 -1 81 61 7 50 79 
106 17 32 67 76 0 74 105 25 98 
48 76 25 17 0 33 63 60 101 38 
106 17 0 63 58 100 21 108 31 103 
97 55 47 42 0 9 10 35 37 84 
81 36 22 97 37 42 47 0 1 26 
84 63 24 77 38 53 40 11 108 28 
45 14 20 107 98 11 49 2 38 84 
63 4 105 17 31 49 0 1 106 33 
30 71 82 106 0 42 36 14 33 38 
43 106 63 0 33 17 71 25 82 17 
7 1 42 78 0 16 29 52 87 92 
23 77 22 84 53 14 11 36 51 54 
89 93 93 67 63 0 17 25 106 70 
2 46 54 30 0 85 78 96 111 19 
36 42 83 14 8 4 10 0 84 47 
81 78 80 9 0 4 54 16 51 44 
84 22 36 108 51 38 17 22 26 0 
70 106 11 0 17 69 61 100 33 102 
24 23 42 47 84 14 36 99 22 0 
75 15 75 75 43 73 105 27 76 59 
32 11 66 103 20 86 22 0 86 36 
88 85 16 0 87 44 95 65 9 78 
111 10 25 106 82 33 38 86 105 0 
84 53 22 100 37 0 26 36 62 24 
46 19 22 44 96 80 7 81 35 -1 
86 70 69 0 17 63 25 33 61 43 
75 75 75 75 27 43 61 93 46 15 
63 14 17 22 1 105 36 38 0 29 
61 75 93 34 0 98 48 30 57 29 
80 78 81 30 87 44 46 7 85 2 
106 39 17 38 101 31 63 0 33 25 
42 83 14 0 1 36 84 0 108 47 
106 93 17 74 48 0 70 11 108 61 
61 13 86 39 29 76 70 32 33 70 
9 9 95 52 16 88 0 12 35 -1 
89 61 75 15 35 98 98 106 3 54 
17 25 71 63 0 48 33 38 58 93 
32 63 21 43 105 0 25 13 67 86 
25 61 17 39 0 33 43 11 38 32 
106 17 105 13 33 58 0 101 23 43 
10 104 4 8 109 111 62 84 14 0 
54 65 105 75 34 90 35 51 17 55 
43 69 61 102 56 75 98 8 91 0 
106 102 33 100 17 86 38 70 0 67 
61 106 32 86 29 15 13 61 33 68 
86 17 38 39 100 33 106 0 43 70 
54 86 56 32 53 25 86 13 71 10 
96 16 40 92 12 65 52 41 16 27 
54 6 75 61 71 30 24 0 111 60 
7 87 44 16 52 85 111 -1 58 0 
52 88 7 107 95 16 44 27 22 74 
99 23 22 10 22 42 22 0 47 4 
22 84 36 42 108 0 1 47 8 26 
43 106 63 69 77 103 14 25 48 53 
78 46 55 54 2 44 12 30 88 87 
106 63 70 33 43 17 108 14 22 11 
2 46 19 30 111 54 44 61 78 9 
12 16 14 9 0 41 -1 78 9 84 
80 92 39 0 86 28 38 33 33 55 
86 66 32 48 56 60 64 63 33 43 
22 14 59 36 108 42 84 0 1 83 
43 12 16 46 80 9 -1 0 52 95 
6 86 89 38 30 33 61 58 100 38 
81 55 78 29 0 2 87 89 2 30 
-1 7 78 44 88 87 0 22 94 33 
9 65 16 12 -1 0 52 95 88 94 
71 84 22 23 108 14 36 63 60 42 
32 69 63 106 21 34 86 0 105 11 
84 42 22 88 14 104 53 47 1 36 
82 20 49 105 106 31 69 63 38 29 
86 17 33 38 39 96 106 0 76 67 
38 106 61 93 68 86 79 0 61 24 
43 13 25 63 106 61 0 11 76 67 
0 22 42 36 14 58 73 37 84 47 
48 32 63 48 101 25 86 103 0 89 
11 60 89 0 105 58 68 100 67 29 
98 28 22 67 11 17 69 29 110 96 
38 76 38 0 63 103 11 106 32 105 
42 84 36 22 1 14 0 37 26 47 
54 34 23 40 11 6 81 36 22 47 
22 14 84 0 1 36 42 37 4 82 
